185.4730
185.9198
186.3668
186.8138
187.2608
187.7079
188.1551
188.6023
189.0495
189.4968
189.9442
190.3916
190.8391
191.2866
191.7342
192.1818
192.6295
193.0772
193.5250
193.9728
194.4207
194.8686
195.3166
195.7646
196.2127
196.6609
197.1091
197.5573
198.0056
198.4540
198.9024
199.3508
199.7993
200.2479
200.6965
201.1451
201.5939
202.0426
202.4914
202.9403
203.3892
203.8382
204.2872
204.7363
205.1854
205.6346
206.0838
206.5331
206.9824
207.4318
207.8813
208.3307
208.7803
209.2299
209.6795
210.1292
210.5789
211.0287
211.4786
211.9285
212.3784
212.8284
213.2785
213.7286
214.1787
214.6289
215.0792
215.5295
215.9798
216.4303
216.8807
217.3312
217.7818
218.2324
218.6831
219.1338
219.5845
220.0354
220.4862
220.9371
221.3881
221.8391
222.2902
222.7413
223.1925
223.6437
224.0950
224.5463
224.9977
225.4491
225.9006
226.3521
226.8037
227.2553
227.7070
228.1587
228.6105
229.0623
229.5142
229.9661
230.4181
230.8701
231.3222
231.7743
232.2265
232.6788
233.1310
233.5834
234.0358
234.4882
234.9407
235.3932
235.8458
236.2984
236.7511
237.2038
237.6566
238.1095
238.5623
239.0153
239.4683
239.9213
240.3744
240.8275
241.2807
241.7339
242.1872
242.6406
243.0939
243.5474
244.0009
244.4544
244.9080
245.3616
245.8153
246.2690
246.7228
247.1766
247.6305
248.0844
248.5384
248.9924
249.4465
249.9007
250.3548
250.8091
251.2633
251.7177
252.1720
252.6265
253.0809
253.5355
253.9900
254.4447
254.8993
255.3541
255.8088
256.2636
256.7185
257.1734
257.6284
258.0834
258.5385
258.9936
259.4488
259.9040
260.3592
260.8145
261.2699
261.7253
262.1808
262.6363
263.0918
263.5474
264.0031
264.4588
264.9146
265.3704
265.8262
266.2821
266.7380
267.1940
267.6501
268.1062
268.5623
269.0185
269.4747
269.9310
270.3874
270.8438
271.3002
271.7567
272.2132
272.6698
273.1264
273.5831
274.0398
274.4966
274.9534
275.4103
275.8672
276.3242
276.7812
277.2382
277.6953
278.1525
278.6097
279.0670
279.5243
279.9816
280.4390
280.8965
281.3540
281.8115
282.2691
282.7267
283.1844
283.6422
284.1000
284.5578
285.0157
285.4736
285.9316
286.3896
286.8477
287.3058
287.7640
288.2222
288.6804
289.1387
289.5971
290.0555
290.5140
290.9725
291.4310
291.8896
292.3483
292.8069
293.2657
293.7245
294.1833
294.6422
295.1011
295.5601
296.0191
296.4782
296.9373
297.3965
297.8557
298.3150
298.7743
299.2336
299.6930
300.1525
300.6120
301.0715
301.5311
301.9908
302.4504
302.9102
303.3700
303.8298
304.2897
304.7496
305.2096
305.6696
306.1296
306.5897
307.0499
307.5101
307.9704
308.4307
308.8910
309.3514
309.8118
310.2723
310.7329
311.1934
311.6541
312.1147
312.5755
313.0362
313.4970
313.9579
314.4188
314.8797
315.3407
315.8018
316.2629
316.7240
317.1852
317.6464
318.1077
318.5690
319.0304
319.4918
319.9533
320.4148
320.8764
321.3380
321.7996
322.2613
322.7231
323.1848
323.6467
324.1086
324.5705
325.0325
325.4945
325.9565
326.4187
326.8808
327.3430
327.8053
328.2676
328.7299
329.1923
329.6547
330.1172
330.5797
331.0423
331.5049
331.9676
332.4303
332.8930
333.3558
333.8187
334.2816
334.7445
335.2075
335.6705
336.1336
336.5967
337.0599
337.5231
337.9863
338.4496
338.9130
339.3764
339.8398
340.3033
340.7668
341.2304
341.6940
342.1577
342.6214
343.0852
343.5490
344.0128
344.4767
344.9407
345.4046
345.8687
346.3327
346.7969
347.2610
347.7252
348.1895
348.6538
349.1181
349.5825
350.0469
350.5114
350.9760
351.4405
351.9051
352.3698
352.8345
353.2993
353.7640
354.2289
354.6938
355.1587
355.6237
356.0887
356.5537
357.0189
357.4840
357.9492
358.4144
358.8797
359.3451
359.8104
360.2759
360.7413
361.2068
361.6724
362.1380
362.6036
363.0693
363.5350
364.0008
364.4666
364.9325
365.3984
365.8644
366.3304
366.7964
367.2625
367.7286
368.1948
368.6610
369.1273
369.5936
370.0599
370.5263
370.9928
371.4593
371.9258
372.3924
372.8590
373.3256
373.7923
374.2591
374.7259
375.1927
375.6596
376.1265
376.5935
377.0605
377.5276
377.9947
378.4618
378.9290
379.3962
379.8635
380.3308
380.7982
381.2656
381.7330
382.2005
382.6681
383.1356
383.6033
384.0709
384.5386
385.0064
385.4742
385.9420
386.4099
386.8778
387.3458
387.8138
388.2819
388.7500
389.2181
389.6863
390.1546
390.6228
391.0911
391.5595
392.0279
392.4964
392.9648
393.4334
393.9020
394.3706
394.8392
395.3079
395.7767
396.2455
396.7143
397.1832
397.6521
398.1211
398.5901
399.0591
399.5282
399.9974
400.4665
400.9358
401.4050
401.8743
402.3437
402.8131
403.2825
403.7520
404.2215
404.6911
405.1607
405.6303
406.1000
406.5697
407.0395
407.5093
407.9792
408.4491
408.9190
409.3890
409.8591
410.3291
410.7992
411.2694
411.7396
412.2098
412.6801
413.1505
413.6208
414.0912
414.5617
415.0322
415.5027
415.9733
416.4439
416.9146
417.3853
417.8560
418.3268
418.7977
419.2685
419.7394
420.2104
420.6814
421.1524
421.6235
422.0946
422.5658
423.0370
423.5083
423.9796
424.4509
424.9223
425.3937
425.8652
426.3367
426.8082
427.2798
427.7514
428.2231
428.6948
429.1665
429.6383
430.1102
430.5820
431.0540
431.5259
431.9979
432.4700
432.9420
433.4142
433.8863
434.3585
434.8308
435.3031
435.7754
436.2478
436.7202
437.1926
437.6651
438.1377
438.6102
439.0829
439.5555
440.0282
440.5010
440.9738
441.4466
441.9194
442.3923
442.8653
443.3383
443.8113
444.2844
444.7575
445.2306
445.7038
446.1771
446.6503
447.1237
447.5970
448.0704
448.5438
449.0173
449.4908
449.9644
450.4380
450.9116
451.3853
451.8590
452.3328
452.8066
453.2805
453.7543
454.2283
454.7022
455.1762
455.6503
456.1244
456.5985
457.0727
457.5469
458.0211
458.4954
458.9697
459.4441
459.9185
460.3930
460.8674
461.3420
461.8165
462.2911
462.7658
463.2405
463.7152
464.1900
464.6648
465.1396
465.6145
466.0895
466.5644
467.0394
467.5145
467.9896
468.4647
468.9399
469.4151
469.8903
470.3656
470.8409
471.3163
471.7917
472.2672
472.7427
473.2182
473.6937
474.1694
474.6450
475.1207
475.5964
476.0722
476.5480
477.0238
477.4997
477.9756
478.4516
478.9276
479.4036
479.8797
480.3558
480.8320
481.3082
481.7844
482.2607
482.7370
483.2134
483.6897
484.1662
484.6426
485.1192
485.5957
486.0723
486.5489
487.0256
487.5023
487.9790
488.4558
488.9327
489.4095
489.8864
490.3634
490.8403
491.3174
491.7944
492.2715
492.7486
493.2258
493.7030
494.1803
494.6576
495.1349
495.6123
496.0897
496.5671
497.0446
497.5221
497.9997
498.4773
498.9549
499.4326
499.9103
500.3880
500.8658
501.3437
501.8215
502.2994
502.7774
503.2554
503.7334
504.2114
504.6895
505.1677
505.6458
506.1241
506.6023
507.0806
507.5589
508.0373
508.5157
508.9941
509.4726
509.9511
510.4297
510.9083
511.3869
511.8656
512.3443
512.8230
513.3018
513.7806
514.2595
514.7384
515.2173
515.6963
516.1753
516.6544
517.1334
517.6126
518.0917
518.5709
519.0502
519.5294
520.0088
520.4881
520.9675
521.4469
521.9264
522.4059
522.8854
523.3650
523.8446
524.3243
524.8039
525.2837
525.7634
526.2432
526.7231
527.2029
527.6828
528.1628
528.6428
529.1228
529.6029
530.0830
530.5631
531.0433
531.5235
532.0037
532.4840
532.9643
533.4447
533.9251
534.4055
534.8860
535.3665
535.8470
536.3276
536.8082
537.2889
537.7696
538.2503
538.7311
539.2119
539.6927
540.1736
540.6545
541.1354
541.6164
542.0974
542.5785
543.0596
543.5407
544.0219
544.5031
544.9843
545.4656
545.9469
546.4283
546.9096
547.3911
547.8725
548.3540
548.8356
549.3171
549.7987
550.2804
550.7620
551.2438
551.7255
552.2073
552.6891
553.1710
553.6529
554.1348
554.6168
555.0988
555.5808
556.0629
556.5450
557.0272
557.5093
557.9916
558.4738
558.9561
559.4384
559.9208
560.4032
560.8856
561.3681
561.8506
562.3332
562.8157
563.2983
563.7810
564.2637
564.7464
565.2292
565.7120
566.1948
566.6776
567.1605
567.6435
568.1265
568.6095
569.0925
569.5756
570.0587
570.5418
571.0250
571.5082
571.9915
572.4748
572.9581
573.4415
573.9249
574.4083
574.8918
575.3753
575.8588
576.3424
576.8260
577.3096
577.7933
578.2770
578.7608
579.2446
579.7284
580.2122
580.6961
581.1800
581.6640
582.1480
582.6320
583.1161
583.6002
584.0843
584.5685
585.0527
585.5369
586.0212
586.5055
586.9899
587.4742
587.9586
588.4431
588.9276
589.4121
589.8966
590.3812
590.8658
591.3505
591.8352
592.3199
592.8047
593.2895
593.7743
594.2592
594.7440
595.2290
595.7139
596.1989
596.6840
597.1690
597.6541
598.1393
598.6245
599.1097
599.5949
600.0802
600.5655
601.0508
601.5362
602.0216
602.5071
602.9925
603.4780
603.9636
604.4492
604.9348
605.4204
605.9061
606.3918
606.8776
607.3634
607.8492
608.3350
608.8209
609.3068
609.7928
610.2788
610.7648
611.2509
611.7369
612.2231
612.7092
613.1954
613.6816
614.1679
614.6542
615.1405
615.6269
616.1133
616.5997
617.0861
617.5726
618.0592
618.5457
619.0323
619.5189
620.0056
620.4923
620.9790
621.4658
621.9526
622.4394
622.9262
623.4131
623.9001
624.3870
624.8740
625.3610
625.8481
626.3352
626.8223
627.3095
627.7966
628.2839
628.7711
629.2584
629.7457
630.2331
630.7205
631.2079
631.6954
632.1828
632.6704
633.1579
633.6455
634.1331
634.6208
635.1084
635.5962
636.0839
636.5717
637.0595
637.5474
638.0352
638.5231
639.0111
639.4991
639.9871
640.4751
640.9632
641.4513
641.9394
642.4276
642.9158
643.4040
643.8923
644.3806
644.8689
645.3573
645.8457
646.3341
646.8226
647.3111
647.7996
648.2882
648.7768
649.2654
649.7541
650.2427
650.7315
651.2202
651.7090
652.1978
652.6867
653.1755
653.6645
654.1534
654.6424
655.1314
655.6204
656.1095
656.5986
657.0877
657.5769
658.0661
658.5553
659.0446
659.5339
660.0232
660.5126
661.0019
661.4914
661.9808
662.4703
662.9598
663.4494
663.9389
664.4285
664.9182
665.4079
665.8976
666.3873