1668
1677
1565
1612
1745
1686
1723
1619
1716
1733
1667
1661
1655
1646
1605
1617
1740
1632
1617
1654
1661
1720
1562
1601
1546
1633
1666
1717
1646
1582
1679
1664
1732
1425
1643
1617
1655
1743
1719
1530
1716
1664
1636
1611
1735
1714
1616
1692
1542
1694
1660
1640
1649
1655
1604
1605
1621
1562
1594
1717
1653
1692
1623
1694
1710
1671
1670
1608
1647
1456
1662
1615
1678
1612
1694
1604
1726
1537
1640
1680
1536
1471
1745
1701
1636
1742
1668
1689
1664
1704
1664
1603
1664
1672
1719
1607
1554
1706
1651
1634
1683
1659
1686
1581
1662
1708
1718
1651
1671
1708
1702
1724
1626
1615
1714
1602
1723
1699
1605
1414
1696
1719
1769
1726
1537
1580
1654
1604
1649
1508
1420
1694
1720
1673
1584
1682
1746
1590
1716
1705
1697
1674
1691
1565
1533
1746
1643
1590
1559
1694
1550
1651
1574
1561
1587
1720
1691
1730
1729
1652
1547
1620
1637
1728
1662
1678
1690
1642
1606
1667
1718
1792
1504
1627
1600
1648
1729
1719
1684
1664
1683
1615
1663
1483
1740
1663
1715
1655
1708
1718
1710
1527
1660
1725
1689
1675
1723
1692
1650
1682
1719
1673
1674
1510
1786
1693
1600
1747
1697
1687
1616
1656
1502
1721
1681
1772
1687
1720
1667
1765
1789
1718
1695
1736
1734
1307
1641
1505
1689
1759
1724
1730
1694
1696
1684
1724
1703
1741
1754
1745
1556
1684
1793
1759
1758
1665
1689
1688
1649
1653
1649
1685
1742
1352
1678
1528
1688
1523
1675
1712
1766
1717
1671
1656
1807
1797
1949
2045
2197
2080
2236
2299
2357
2479
2428
2143
2427
2338
2368
2431
2205
2302
2359
2280
2245
2273
2373
2214
2193
1984
1992
1944
2005
1856
1811
1796
1574
1609
1817
1857
1768
1843
1727
1791
1767
1927
2063
1634
1982
1886
1742
1941
1972
1924
1853
1869
1861
1701
1819
1703
1885
1826
1795
1917
1922
1962
2119
2136
2245
2376
2276
2468
2688
2538
2192
1953
1722
1787
1721
1741
1773
1773
1676
1764
1688
1769
1747
1629
1807
1740
1701
1698
1765
1696
1729
1734
1786
1850
1642
1894
1862
1779
1902
1929
1876
2091
2030
2189
2134
2127
2061
2119
2053
2167
2227
2276
2323
2357
2111
1892
1864
1687
1795
1748
1520
1602
1679
1772
1690
1703
1773
1674
1628
1790
1666
1796
1600
1750
1757
1787
1807
1762
1880
1828
1894
1797
1843
1654
1808
1812
1865
1859
1635
1851
1921
1939
1923
1910
1889
1851
1622
1790
1934
1777
1928
2038
1992
1892
1612
1736
1757
1722
1734
1769
1556
1821
1733
1810
1803
1720
1722
1751
1783
1830
1836
1727
1851
1719
1879
1951
1880
1782
1795
1791
1721
1753
1768
1769
1614
1746
1806
1753
1796
1362
1700
1865
1774
1767
1710
1674
1736
1769
1710
1734
1748
1801
1563
1790
1785
1783
1747
1815
1762
1798
1858
1860
1715
1747
1814
1721
1683
1591
1718
1520
1788
1671
1722
1662
1805
1649
1749
1727
1633
1664
1557
1563
1764
1778
1756
1730
1822
1743
1809
1794
1798
1792
1528
1703
1812
1783
1659
1646
1672
1783
1787
1765
1623
1750
1786
1590
1767
1752
1741
1779
1693
1731
1592
1615
1639
1685
1632
1731
1670
1711
1651
1685
1711
1691
1814
1758
1767
1714
1193
1797
1740
1645
1732
1673
1731
1486
1679
1763
1609
1741
1783
1763
1688
1768
1751
1678
1684
1572
1379
1776
1717
1703
1724
1738
1738
1801
1730
1767
1807
1747
1763
1780
1647
1742
1747
1828
1796
1780
1751
1800
1786
1928
2120
2445
2226
1883
1766
1685
1789
1732
1812
1811
1723
1831
1742
1748
1759
1822
1798
1683
1742
1802
1808
1855
1824
1661
1672
1828
1719
1678
1793
1685
1804
1831
1775
1696
1754
1777
1731
1801
1677
1787
1681
1749
1667
1816
1641
1789
1797
1731
1757
1725
1781
1818
1765
1756
1774
1814
1798
1811
1734
1785
1820
1791
1720
1659
1765
1725
1816
1802
1788
1784
1786
1753
1759
1828
1685
1697
1744
1725
1816
1727
1695
1606
1733
1733
1683
1709
1686
1687
1795
1835
1704
1759
1820
1843
1711
1782
1811
1622
1771
1751
1845
1657
1645
1651
1744
1722
1613
1850
1747
1776
1658
1624
1546
1655
1797
1827
1801
1770
1756
1790
1691
1756
1722
1764
1782
1821
1836
1803
1786
1818
1804
1711
1807
1625
1797
1826
1769
1799
1749
1858
1811
1805
1815
1822
1759
1749
1847
1727
1812
1836
1854
1840
1683
1860
1645
1726
1860
1732
1749
1775
1814
1678
1769
1595
1774
1760
1800
1842
1770
1662
1750
1795
1823
1692
1772
1832
1766
1846
1782
1801
1731
1706
1788
1327
1776
1590
1776
1861
1893
1896
1860
1821
1818
1830
1878
1778
1876
1808
1836
1798
1879
1849
1800
1701
1538
1787
1830
1865
1738
1783
1709
1773
1795
1841
1818
1755
1826
1809
1763
1739
1797
1766
1802
1853
1790
1842
1853
1761
1832
1892
1873
1686
1846
1700
1679
1797
1876
1877
1842
1823
1812
1836
1826
1882
1789
1817
1727
1861
1829
1747
1788
1538
1812
1834
1843
1824
1725
1764
1720
1868
1894
1956
1907
1897
1802
2074
2110
2719
4767
5961
4975
3288
2316
2125
1923
1925
2004
1869
2061
1971
2113
2071
1984
2033
2085
2017
1924
1925
1997
1527
2005
1989
1973
2190
2371
2532
3089
3505
3734
4060
4197
4462
4720
5073
5168
4861
4372
3885
3744
3257
2850
2756
2570
2320
2245
2118
2020
2077
2013
1909
1985
2039
1936
1957
1868
1953
1941
2005
1994
1989
1848
1990
1974
2023
1988
2078
2094
1965
1987
2117
2093
1903
2077
1948
2029
1881
1885
2019
1870
1949
2010
1932
1943
1868
1889
1959
2003
2070
1993
1824
1989
2088
1966
2191
2169
2063
1892
1929
1988
1961
1976
2032
1879
2032
2151
2155
2189
2161
2184
2205
2299
2428
2459
2440
2442
2609
2586
2609
2506
2555
2516
2400
2443
2367
2295
2346
2189
2332
2303
2368
2379
2502
2460
2536
2607
2805
2981
2960
2980
2889
3260
3174
3398
3602
3667
3702
3569
3499
3438
3376
3455
3406
3600
3728
3675
3822
3675
3917
